ALL,CHIP,MER,MISS,TIPP,TN,WIS,
20.922,25.571,28.003,26.930,22.950,27.034,25.997,ALL
25.571,23.200,25.915,25.489,25.010,26.435,23.742,CHIP
28.003,25.915,26.022,27.095,27.073,27.405,25.801,MER
26.930,25.489,27.095,26.306,26.545,27.105,25.412,MISS
22.950,25.010,27.073,26.545,23.129,25.901,25.570,TIPP
27.034,26.435,27.405,27.105,25.901,22.429,26.125,TN
25.997,23.742,25.801,25.412,25.570,26.125,23.610,WIS
